1734234002
1734236970
1734237142
1734240305
1734244415
1734247371
1734251401
1734251534
1734254663
1734258410
1734261555
1734276434
1734320418
1734323474
1734323624
1734326837
1734331019
1734333962
1734337722
1734338055
1734338176
1734340997
1734341319
1734344598
1734345014
1734347840
1734348104
1734352928
1734355791
1734358783
1734362528
1734363039
1734366408
1734369413
1734373730
1734376588
1734380568
1734406648
1734409840
1734409999
1734413184
1734417346
1734420304
1734424050
1734424394
1734424527
1734427352
1734427676
1734430923
1734431369
1734434229
1734434493
1734439283
1734442188
1734445166
1734448915
1734449426
1734452804
1734455901
1734460137
1734462994
1734466889
1734492855
1734496143
1734499510
1734503665
1734506622
1734510408
1734510762
1734513672
1734513988
1734517283
1734517695
1734520582
1734520830
1734525584
1734528452
1734531520
1734535267
1734539123
1734542256
1734546495
1734549348
1734553307
1734579261
1734582568
1734585945
1734590084
1734593057
1734596782
1734597110
1734600077
1734600402
1734603679
1734604097
1734606989
1734607235
1734611987
1734614848
1734617912
1734621655
1734625387
1734628529
1734632803
1734635706
1734639649
1734665339
1734668898
1734672270
1734676384
1734679339
1734683085
1734683408
1734686370
1734686669
1734689990
1734690386
1734693320
1734693563
1734698228
1734700997
1734704239
1734707959
1734711787
1734715002
1734719153
1734722074
1734726006
1734841790
1734856171
1734881073
1734928337
1734942329
1734942760
1734945614
1734949230
1734952531
1734957466
1734960261
1734963451
1734967172
1734967625
1734970991
1734974197
1734978342
1734981256
1734985196
1735014640
1735028671
1735029101
1735031960
1735035562
1735038929
1735043836
1735046568
1735049814
1735053533
1735053981
1735057356
1735060540
1735064721
1735067648
1735071577
1735115078
1735118350
1735121953
1735125307
1735130185
1735132948
1735136200
1735139927
1735143760
1735147042
1735151104
1735154058
1735157981
1735201467
1735204764
1735208360
1735211715
1735216643
1735219405
1735222611
1735226342
1735230184
1735233339
1735237541
1735240531
1735244376
1735287841
1735291149
1735294748
1735298126
1735302996
1735305768
1735309017
1735312726
1735316552
1735319717
1735323930
1735326849
1735330770
1735446601
1735460990
1735485876
1735533054
1735547100
1735547525
1735550408
1735554018
1735557314
1735562244
1735565047
1735568234
1735571951
1735572407
1735575797
1735578968
1735583159
1735586066
1735589985
1735619439
1735633443
1735633883
1735636748
1735640363
1735643705
1735648597
1735651354
1735654600
1735658322
1735658762
1735662143
1735665315
1735669501
1735672442
1735676370
1735719860
1735723155
1735726763
1735730094
1735734982
1735737738
1735741002
1735744772
1735748554
1735751726
1735755920
1735758902
1735762773
1735806250
1735809573
1735813170
1735816515
1735821433
1735824192
1735827419
1735831135
1735835015
1735838163
